name: kraken2
channels:
  - conda-forge
  - bioconda
  - defaults
  - cruizperez
  - biobakery
dependencies:
  - _libgcc_mutex=0.1=conda_forge
  - _openmp_mutex=4.5=1_gnu
  - blast=2.5.0=hc0b0e79_3
  - boost=1.77.0=py310h7c3ba0c_0
  - boost-cpp=1.77.0=h359cf19_1
  - bracken=1.0.0=1
  - bzip2=1.0.8=h7f98852_4
  - c-ares=1.18.1=h7f98852_0
  - ca-certificates=2022.9.24=ha878542_0
  - curl=7.81.0=h494985f_0
  - gettext=0.19.8.1=h73d1719_1008
  - icu=69.1=h9c3ff4c_0
  - kmer-jellyfish=1.1.12=h9f5acd7_2
  - kraken=1.1.1=pl5321h9f5acd7_7
  - kraken2=2.1.2=pl5321h7d875b9_1
  - krb5=1.19.2=h48eae69_3
  - krona=2.8.1=pl5321hdfd78af_1
  - ld_impl_linux-64=2.36.1=hea4e1c9_2
  - libblas=3.9.0=13_linux64_openblas
  - libcblas=3.9.0=13_linux64_openblas
  - libcurl=7.81.0=h494985f_0
  - libedit=3.1.20191231=he28a2e2_2
  - libev=4.33=h516909a_1
  - libffi=3.4.2=h7f98852_5
  - libgcc-ng=11.2.0=h1d223b6_12
  - libgfortran-ng=11.2.0=h69a702a_12
  - libgfortran5=11.2.0=h5c6108e_12
  - libgomp=11.2.0=h1d223b6_12
  - libiconv=1.16=h516909a_0
  - libidn2=2.3.2=h7f98852_0
  - liblapack=3.9.0=13_linux64_openblas
  - libnghttp2=1.46.0=ha19adfc_0
  - libnsl=2.0.0=h7f98852_0
  - libopenblas=0.3.18=pthreads_h8fe5266_0
  - libssh2=1.10.0=ha35d2d1_2
  - libstdcxx-ng=11.2.0=he4da1e4_12
  - libunistring=0.9.10=h7f98852_0
  - libuuid=2.32.1=h7f98852_1000
  - libzlib=1.2.11=h36c2ea0_1013
  - lz4-c=1.9.3=h9c3ff4c_1
  - ncurses=6.2=h58526e2_4
  - numpy=1.22.1=py310h454958d_0
  - openssl=3.0.0=h7f98852_2
  - perl=5.32.1=1_h7f98852_perl5
  - perl-carp=1.38=pl5321hdfd78af_4
  - perl-class-method-modifiers=2.13=pl5321hdfd78af_0
  - perl-constant=1.33=pl5321hdfd78af_2
  - perl-exporter=5.72=pl5321hdfd78af_2
  - perl-exporter-tiny=1.002002=pl5321hdfd78af_0
  - perl-extutils-makemaker=7.64=pl5321hd8ed1ab_0
  - perl-file-path=2.18=pl5321hd8ed1ab_0
  - perl-file-temp=0.2304=pl5321hd8ed1ab_0
  - perl-list-moreutils=0.430=pl5321hdfd78af_0
  - perl-list-moreutils-xs=0.430=pl5321hec16e2b_1
  - perl-moo=2.005004=pl5321ha770c72_0
  - perl-parallel-forkmanager=2.02=pl5321hdfd78af_1
  - perl-parent=0.236=pl5321hdfd78af_2
  - perl-role-tiny=2.002004=pl5321hdfd78af_0
  - perl-storable=3.15=pl5321hec16e2b_3
  - perl-sub-quote=2.006006=pl5321hdfd78af_0
  - popt=1.16=1
  - python=3.10.2=h543edf9_0_cpython
  - python_abi=3.10=2_cp310
  - readline=8.1=h46c0cb4_0
  - rsync=3.2.3=ha014df6_3
  - setuptools=60.5.0=py310hff52083_0
  - sqlite=3.37.0=h9cd32fc_0
  - tar=1.34=ha1f6473_0
  - tk=8.6.11=h27826a3_1
  - tzdata=2021e=he74cb21_0
  - wget=1.20.3=ha35d2d1_1
  - xxhash=0.8.0=h7f98852_3
  - xz=5.2.5=h516909a_1
  - zlib=1.2.11=h36c2ea0_1013
  - zstd=1.5.2=ha95c52a_0
  - pip:
    - pip==21.3.1
    - wheel==0.37.1
